0.65419643 0.08370241 0.75167875 -0.27045569 -0.12172774 0.99255295 -0.00458337 130.14197448 -0.74646460 -0.08850173 0.65951350 -2.49923694 0.00000000 0.00000000 0.00000000 1.00000000
0.63183222 0.09438173 0.76933747 -1.10640627 -0.12176735 0.99232070 -0.02173352 129.84077882 -0.76548074 -0.07994825 0.63847280 -1.93839815 0.00000000 0.00000000 0.00000000 1.00000000
0.61384719 0.10350861 0.78260948 -1.93435294 -0.12122588 0.99196778 -0.03611386 129.42474863 -0.78006148 -0.07270413 0.62146455 -1.40334555 0.00000000 0.00000000 0.00000000 1.00000000
0.59969222 0.11170846 0.79239540 -2.74095752 -0.12095164 0.99148565 -0.04823802 128.93705710 -0.79103726 -0.06691355 0.60809755 -0.90315486 0.00000000 0.00000000 0.00000000 1.00000000
0.59094780 0.11879858 0.79791453 -3.51147022 -0.12158909 0.99091463 -0.05748291 128.38037378 -0.79749407 -0.06304831 0.60002344 -0.45959896 0.00000000 0.00000000 0.00000000 1.00000000
0.58868901 0.12466559 0.79868876 -4.23090713 -0.12361672 0.99029884 -0.06345950 127.76512372 -0.79885177 -0.06137337 0.59838880 -0.09591146 0.00000000 0.00000000 0.00000000 1.00000000
0.59329237 0.12921584 0.79454857 -4.88757834 -0.12711025 0.98968786 -0.06603725 127.10944829 -0.79488813 -0.06181587 0.60359892 0.16990777 0.00000000 0.00000000 0.00000000 1.00000000
0.60447144 0.13231334 0.78556188 -5.47346241 -0.13161667 0.98914579 -0.06532733 126.42843563 -0.78567890 -0.06390453 0.61532502 0.32910542 0.00000000 0.00000000 0.00000000 1.00000000
0.62148303 0.13375390 0.77192534 -5.98211203 -0.13619736 0.98876026 -0.06167202 125.73866016 -0.77149797 -0.06680608 0.63271465 0.38630407 0.00000000 0.00000000 0.00000000 1.00000000
0.64336633 0.13328745 0.75386619 -6.41497410 -0.13967054 0.98863593 -0.05559799 125.05924475 -0.75270971 -0.06952302 0.65467140 0.36259334 0.00000000 0.00000000 0.00000000 1.00000000
0.66912424 0.13071215 0.73156482 -6.77365496 -0.14096498 0.98886232 -0.04775138 124.41248055 -0.72965857 -0.07117342 0.68009758 0.28872953 0.00000000 0.00000000 0.00000000 1.00000000
0.69783724 0.12597104 0.70509183 -7.05505628 -0.13942033 0.98947315 -0.03879249 123.82706464 -0.70255616 -0.07123329 0.70805413 0.19356642 0.00000000 0.00000000 0.00000000 1.00000000
0.72871018 0.11921694 0.67436548 -7.25587414 -0.13490294 0.99042502 -0.02931687 123.33369256 -0.67140351 -0.06961038 0.73781551 0.09958834 0.00000000 0.00000000 0.00000000 1.00000000
0.76104694 0.11084630 0.63915620 -7.37920557 -0.12775859 0.99160669 -0.01984750 122.96231817 -0.63599159 -0.06655282 0.76882080 0.02553636 0.00000000 0.00000000 0.00000000 1.00000000
0.79416752 0.10140028 0.59917938 -7.42624826 -0.11855782 0.99288745 -0.01088872 122.73513351 -0.59602180 -0.06238993 0.80054076 -0.01962320 0.00000000 0.00000000 0.00000000 1.00000000
0.82729500 0.09141312 0.55428028 -7.39736081 -0.10784817 0.99416288 -0.00298997 122.66659857 -0.55131820 -0.05730453 0.83232472 -0.03094784 0.00000000 0.00000000 0.00000000 1.00000000
0.85949817 0.08122841 0.50464327 -7.29023897 -0.09599087 0.99537684 0.00327181 122.75938283 -0.50204446 -0.05125326 0.86332176 -0.00938846 0.00000000 0.00000000 0.00000000 1.00000000
0.88974918 0.07088789 0.45091164 -7.10991634 -0.08313735 0.99651072 0.00738691 123.00621466 -0.44881464 -0.04406009 0.89253803 0.04707363 0.00000000 0.00000000 0.00000000 1.00000000
0.91708064 0.06012716 0.39414188 -6.86091642 -0.06929532 0.99755509 0.00905575 123.39304668 -0.39263374 -0.03561704 0.91900499 0.13883389 0.00000000 0.00000000 0.00000000 1.00000000
0.94075298 0.04852450 0.33560276 -6.54814826 -0.05445590 0.99848185 0.00827976 123.90505005 -0.33469149 -0.02606476 0.94196722 0.26173541 0.00000000 0.00000000 0.00000000 1.00000000
0.96034631 0.03570160 0.27651465 -6.15991209 -0.03869290 0.99923673 0.00536764 124.52214500 -0.27611196 -0.01585395 0.96099471 0.39768525 0.00000000 0.00000000 0.00000000 1.00000000
0.97574752 0.02144753 0.21784577 -5.70352582 -0.02216538 0.99975395 0.00085181 125.22755998 -0.21777390 -0.00565979 0.97598284 0.53792161 0.00000000 0.00000000 0.00000000 1.00000000
0.98705868 0.00581916 0.16025386 -5.18128462 -0.00513799 0.99997592 -0.00466462 126.00073569 -0.16027715 0.00378087 0.98706481 0.66839839 0.00000000 0.00000000 0.00000000 1.00000000
0.99450324 -0.01089209 0.10413772 -4.59863811 0.01206609 0.99987048 -0.01065014 126.81454266 -0.10400823 0.01184813 0.99450586 0.77683335 0.00000000 0.00000000 0.00000000 1.00000000
0.99836347 -0.02823244 0.04973243 -3.96402911 0.02909665 0.99943643 -0.01673961 127.63547153 -0.04923180 0.01815926 0.99862229 0.85355491 0.00000000 0.00000000 0.00000000 1.00000000
0.99895409 -0.04563719 -0.00282203 -3.28726222 0.04556146 0.99870266 -0.02274084 128.42361443 0.00385619 0.02258848 0.99973741 0.89310815 0.00000000 0.00000000 0.00000000 1.00000000
0.99661209 -0.06249341 -0.05346879 -2.57234196 0.06102993 0.99772666 -0.02858069 129.13301364 0.05513334 0.02522067 0.99816042 0.89246536 0.00000000 0.00000000 0.00000000 1.00000000
0.99168656 -0.07818392 -0.10220094 -1.82861231 0.07504224 0.99659242 -0.03423766 129.73843424 0.10452951 0.02628364 0.99417441 0.85807177 0.00000000 0.00000000 0.00000000 1.00000000
0.98452617 -0.09216852 -0.14904085 -1.05962997 0.08717818 0.99540174 -0.03969051 130.21725775 0.15201374 0.02608324 0.98803415 0.79863378 0.00000000 0.00000000 0.00000000 1.00000000
0.97547403 -0.10405577 -0.19396602 -0.26419006 0.09712988 0.99425805 -0.04490791 130.55728702 0.19752521 0.02496660 0.97997983 0.72389119 0.00000000 0.00000000 0.00000000 1.00000000
0.96487468 -0.11368027 -0.23684097 0.56037130 0.10478119 0.99324406 -0.04987117 130.75281770 0.24091025 0.02330295 0.97026760 0.64150461 0.00000000 0.00000000 0.00000000 1.00000000
0.95309491 -0.12112947 -0.27737654 1.41776974 0.11022653 0.99240400 -0.05462982 130.80703770 0.28188687 0.02149315 0.95920688 0.55299830 0.00000000 0.00000000 0.00000000 1.00000000
0.94055021 -0.12670384 -0.31513718 2.31080200 0.11371935 0.99173956 -0.05933430 130.73021898 0.32005189 0.01996969 0.94718953 0.45101268 0.00000000 0.00000000 0.00000000 1.00000000
0.92771618 -0.13085740 -0.34959839 3.23880850 0.11560628 0.99121564 -0.06423967 130.53275718 0.35493363 0.01918041 0.93469473 0.32224988 0.00000000 0.00000000 0.00000000 1.00000000
0.91511463 -0.13411459 -0.38023479 4.19488267 0.11626366 0.99077339 -0.06964801 130.23072876 0.38606733 0.01952843 0.92226388 0.14881591 0.00000000 0.00000000 0.00000000 1.00000000
0.90325724 -0.13697908 -0.40664862 5.16687054 0.11604605 0.99034478 -0.07583225 129.84147592 0.41310977 0.02130606 0.91043197 -0.08769319 0.00000000 0.00000000 0.00000000 1.00000000
0.89254956 -0.13989591 -0.42870086 6.14124938 0.11529590 0.98985986 -0.08297171 129.38862796 0.43596118 0.02462891 0.89962841 -0.39909729 0.00000000 0.00000000 0.00000000 1.00000000
0.88318194 -0.14327868 -0.44661044 7.10509408 0.11439601 0.98924545 -0.09114272 128.89403667 0.45486615 0.02940515 0.89007422 -0.78385230 0.00000000 0.00000000 0.00000000 1.00000000
0.87507538 -0.14742778 -0.46098604 8.04795881 0.11369259 0.98844077 -0.10029380 128.37669827 0.47044349 0.03535394 0.88172163 -1.22784037 0.00000000 0.00000000 0.00000000 1.00000000
0.86790857 -0.15242866 -0.47275809 8.96625479 0.11338211 0.98741928 -0.11021639 127.85297543 0.48361059 0.04205544 0.87427235 -1.70952804 0.00000000 0.00000000 0.00000000 1.00000000
0.86124418 -0.15804508 -0.48299090 9.86502411 0.11339368 0.98621423 -0.12051295 127.33804246 0.49537897 0.04902296 0.86729258 -2.20410761 0.00000000 0.00000000 0.00000000 1.00000000
0.85470958 -0.16371370 -0.49261482 10.75164183 0.11337388 0.98492901 -0.13061854 126.84403277 0.50657467 0.05579126 0.86038912 -2.69483119 0.00000000 0.00000000 0.00000000 1.00000000
0.84813844 -0.16864147 -0.50221633 11.63103019 0.11277846 0.98372620 -0.13987058 126.37467499 0.51763134 0.06199043 0.85335513 -3.17359147 0.00000000 0.00000000 0.00000000 1.00000000
0.84164592 -0.17195962 -0.51191995 12.49753434 0.11103300 0.98279741 -0.14758362 125.92995891 0.52849202 0.06737314 0.84626062 -3.63955483 0.00000000 0.00000000 0.00000000 1.00000000
0.83561438 -0.17281590 -0.52142427 13.33304623 0.10763381 0.98233383 -0.15308560 125.51330878 0.53866833 0.07179765 0.83945311 -4.09496146 0.00000000 0.00000000 0.00000000 1.00000000
0.83058138 -0.17051442 -0.53015036 14.11207095 0.10228970 0.98248681 -0.15574495 125.13113501 0.54742250 0.07512993 0.83347712 -4.54046079 0.00000000 0.00000000 0.00000000 1.00000000
0.82708750 -0.16454210 -0.53744969 14.81363841 0.09490942 0.98334531 -0.15499741 124.80088962 0.55400224 0.07718739 0.82892921 -4.97212391 0.00000000 0.00000000 0.00000000 1.00000000
0.82552447 -0.15469212 -0.54275196 15.42016866 0.08565161 0.98490252 -0.15043549 124.53874455 0.55782896 0.07770060 0.82631076 -5.38296577 0.00000000 0.00000000 0.00000000 1.00000000
0.82602786 -0.14107947 -0.54568723 15.92232185 0.07483810 0.98704774 -0.14190147 124.36395699 0.55863873 0.07637638 0.82588705 -5.76607992 0.00000000 0.00000000 0.00000000 1.00000000
0.82845264 -0.12409624 -0.54613766 16.31025693 0.06283328 0.98958088 -0.12954403 124.29002311 0.55652331 0.07300547 0.82761827 -6.11976899 0.00000000 0.00000000 0.00000000 1.00000000
0.83243427 -0.10434450 -0.54421082 16.57153450 0.04996041 0.99224350 -0.11382793 124.32500264 0.55186696 0.06756528 0.83119059 -6.44955031 0.00000000 0.00000000 0.00000000 1.00000000
0.83752769 -0.08247496 -0.54013448 16.73609614 0.03639658 0.99476782 -0.09545824 124.46281773 0.54518131 0.06028987 0.83614740 -6.76200589 0.00000000 0.00000000 0.00000000 1.00000000
0.84339003 -0.05912463 -0.53403889 16.79632888 0.02223428 0.99691626 -0.07525696 124.70731488 0.53684159 0.05159700 0.84210383 -7.06872255 0.00000000 0.00000000 0.00000000 1.00000000
0.84991153 -0.03483348 -0.52577278 16.72953260 0.00752849 0.99851344 -0.05398368 125.06943414 0.52687163 0.04192308 0.84891033 -7.38547348 0.00000000 0.00000000 0.00000000 1.00000000
0.85725184 -0.00999400 -0.51480035 16.56024924 -0.00766543 0.99945310 -0.03216730 125.53691136 0.51484029 0.03152164 0.85670641 -7.72101915 0.00000000 0.00000000 0.00000000 1.00000000
0.86576164 0.01514059 -0.50022748 16.30235400 -0.02327579 0.99967880 -0.01002654 126.09121386 0.49991500 0.02032379 0.86583597 -8.08564298 0.00000000 0.00000000 0.00000000 1.00000000
0.87581142 0.04035017 -0.48096385 15.97315117 -0.03918908 0.99915410 0.01246205 126.69936583 0.48105985 0.00793413 0.87665185 -8.48858850 0.00000000 0.00000000 0.00000000 1.00000000
0.88759111 0.06530491 -0.45597949 15.58904714 -0.05523913 0.99784598 0.03538423 127.31749685 0.45730806 -0.00621882 0.88928660 -8.93854133 0.00000000 0.00000000 0.00000000 1.00000000
0.90095174 0.08934790 -0.42462090 15.16020736 -0.07109212 0.99574220 0.05868035 127.89640724 0.42805591 -0.02268097 0.90346760 -9.44437851 0.00000000 0.00000000 0.00000000 1.00000000
0.91537950 0.11147164 -0.38685196 14.68747358 -0.08627176 0.99289425 0.08196454 128.38657775 0.39323981 -0.04165426 0.91849190 -10.01512241 0.00000000 0.00000000 0.00000000 1.00000000
0.93010829 0.13040825 -0.34335442 14.15864977 -0.10018146 0.98947380 0.10442837 128.75468362 0.35335852 -0.06273194 0.93338227 -10.66014064 0.00000000 0.00000000 0.00000000 1.00000000
0.94431661 0.14495548 -0.29538798 13.55577397 -0.11227181 0.98580370 0.12484433 128.98645207 0.30929143 -0.08472883 0.94718522 -11.38556419 0.00000000 0.00000000 0.00000000 1.00000000
0.95728705 0.15431028 -0.24451960 12.86727599 -0.12214619 0.98234025 0.14173192 129.07843773 0.26207214 -0.10581099 0.95923002 -12.18937754 0.00000000 0.00000000 0.00000000 1.00000000
0.96847537 0.15825973 -0.19237803 12.07995834 -0.12954888 0.97959128 0.15368155 129.04258851 0.21277344 -0.12391443 0.96921240 -13.07253844 0.00000000 0.00000000 0.00000000 1.00000000
0.97752128 0.15726385 -0.14042873 11.21016646 -0.13439182 0.97797212 0.15971653 128.92253950 0.16245301 -0.13725384 0.97712354 -14.01282384 0.00000000 0.00000000 0.00000000 1.00000000
0.98425335 0.15223650 -0.08982981 10.29793046 -0.13666023 0.97768676 0.15953863 128.75787759 0.11211302 -0.14475027 0.98309614 -14.99441619 0.00000000 0.00000000 0.00000000 1.00000000
0.98866935 0.14426959 -0.04146325 9.38383660 -0.13636801 0.97867354 0.15362900 128.56506478 0.06274298 -0.14623402 0.98725829 -16.00690263 0.00000000 0.00000000 0.00000000 1.00000000
0.99092132 0.13438126 0.00407609 8.50324155 -0.13357678 0.98064755 0.14313499 128.34448249 0.01523746 -0.14237998 0.98969478 -17.04915210 0.00000000 0.00000000 0.00000000 1.00000000
0.99126478 0.12342000 0.04649338 7.68826124 -0.12849712 0.98319663 0.12966448 128.09121161 -0.02970895 -0.13450610 0.99046731 -18.12597665 0.00000000 0.00000000 0.00000000 1.00000000
0.99000280 0.11201463 0.08571567 6.95209762 -0.12150539 0.98591052 0.11496470 127.80453040 -0.07163025 -0.12423029 0.98966456 -19.23888397 0.00000000 0.00000000 0.00000000 1.00000000
0.98744231 0.10057950 0.12182545 6.28634922 -0.11309640 0.98847814 0.10059911 127.48022741 -0.11030359 -0.11311384 0.98744032 -20.38764409 0.00000000 0.00000000 0.00000000 1.00000000
0.98387226 0.08934102 0.15496309 5.67471088 -0.10377098 0.99073043 0.08766295 127.13027676 -0.14569475 -0.10232981 0.98402319 -21.56061102 0.00000000 0.00000000 0.00000000 1.00000000
0.97957113 0.07839091 0.18518981 5.09953850 -0.09392772 0.99262338 0.07665772 126.77877734 -0.17781447 -0.09248615 0.97970829 -22.72996694 0.00000000 0.00000000 0.00000000 1.00000000
0.97483082 0.06778814 0.21239030 4.55227523 -0.08384784 0.99418753 0.06753291 126.45504537 -0.20657785 -0.08364162 0.97484854 -23.85341159 0.00000000 0.00000000 0.00000000 1.00000000
0.96998076 0.05768176 0.23624171 4.03485614 -0.07379067 0.99547218 0.05991723 126.18810775 -0.23171592 -0.07555100 0.96984523 -24.88417362 0.00000000 0.00000000 0.00000000 1.00000000
0.96539090 0.04834639 0.25628703 3.56422231 -0.06406998 0.99651801 0.05335627 125.99960467 -0.25281506 -0.06792997 0.96512697 -25.78251974 0.00000000 0.00000000 0.00000000 1.00000000
0.96143565 0.04011920 0.27208813 3.16487943 -0.05506526 0.99735148 0.04751679 125.90355918 -0.26946116 -0.06066694 0.96109844 -26.52360247 0.00000000 0.00000000 0.00000000 1.00000000
0.95842653 0.03331216 0.28338822 2.86171819 -0.04718839 0.99799085 0.04227904 125.90527073 -0.28141044 -0.05389399 0.95807286 -27.10014449 0.00000000 0.00000000 0.00000000 1.00000000
0.95655780 0.02816615 0.29017898 2.67473669 -0.04084767 0.99845248 0.03773738 126.00179454 -0.28866700 -0.04795112 0.95622803 -27.52090195 0.00000000 0.00000000 0.00000000 1.00000000
0.95590930 0.02482058 0.29261126 2.61620924 -0.03637728 0.99875551 0.03411929 126.18495213 -0.29140025 -0.04325935 0.95562258 -27.80655406 0.00000000 0.00000000 0.00000000 1.00000000
0.95648647 0.02332433 0.29084294 2.69156557 -0.03399888 0.99891894 0.03170217 126.44597719 -0.28978909 -0.04021103 0.95624545 -27.98485279 0.00000000 0.00000000 0.00000000 1.00000000
0.95825854 0.02363135 0.28492477 2.90106285 -0.03376826 0.99895754 0.03071692 126.77357755 -0.28390187 -0.03905616 0.95805759 -28.08326476 0.00000000 0.00000000 0.00000000 1.00000000
0.96117016 0.02557287 0.27476890 3.24050149 -0.03552086 0.99887899 0.03128951 127.15575651 -0.27366071 -0.03983457 0.96100105 -28.12483866 0.00000000 0.00000000 0.00000000 1.00000000
0.96511715 0.02885341 0.26022368 3.70185811 -0.03886239 0.99868624 0.03339916 127.57981030 -0.25891812 -0.04234701 0.96497054 -28.12503746 0.00000000 0.00000000 0.00000000 1.00000000
0.96990053 0.03311383 0.24123936 4.27376784 -0.04325759 0.99838327 0.03687319 128.03215121 -0.23962833 -0.04619876 0.96976489 -28.09163003 0.00000000 0.00000000 0.00000000 1.00000000
0.97520606 0.03793458 0.21802320 4.94191382 -0.04808143 0.99798412 0.04142310 128.49474645 -0.21601232 -0.05087893 0.97506411 -28.02739448 0.00000000 0.00000000 0.00000000 1.00000000
0.98061783 0.04291019 0.19117370 5.69020275 -0.05275143 0.99751570 0.04668742 128.94522756 -0.18869540 -0.05586720 0.98044526 -27.93535374 0.00000000 0.00000000 0.00000000 1.00000000
0.98568592 0.04772172 0.16169697 6.50242876 -0.05684783 0.99701264 0.05228888 129.35745184 -0.15871860 -0.06073253 0.98545419 -27.82372187 0.00000000 0.00000000 0.00000000 1.00000000
0.99002374 0.05220128 0.13087410 7.36367971 -0.06018780 0.99651057 0.05782828 129.70535465 -0.12739871 -0.06512839 0.98971100 -27.70801682 0.00000000 0.00000000 0.00000000 1.00000000
0.99338005 0.05644329 0.10005112 8.25986099 -0.06292747 0.99603515 0.06288174 129.97117583 -0.09610518 -0.06876143 0.99299328 -27.60931012 0.00000000 0.00000000 0.00000000 1.00000000
0.99566478 0.06077128 0.07041665 9.17916534 -0.06550565 0.99560049 0.06699756 130.14611863 -0.06603532 -0.07131980 0.99526520 -27.54799519 0.00000000 0.00000000 0.00000000 1.00000000
0.99691926 0.06564994 0.04291942 10.11272902 -0.06854067 0.99520597 0.06976565 130.22548975 -0.03813356 -0.07249244 0.99663969 -27.53848420 0.00000000 0.00000000 0.00000000 1.00000000
0.99727803 0.07142665 0.01829680 11.05213211 -0.07255323 0.99483960 0.07092395 130.20430698 -0.01313652 -0.07205839 0.99731390 -27.58885252 0.00000000 0.00000000 0.00000000 1.00000000
0.99694159 0.07809925 -0.00282441 11.98658943 -0.07770695 0.99448243 0.07047218 130.07304438 0.00831265 -0.07003717 0.99750975 -27.70022041 0.00000000 0.00000000 0.00000000 1.00000000
0.99616840 0.08516920 -0.01986787 12.89971917 -0.08362363 0.99412426 0.06873168 129.81490402 0.02560496 -0.06680691 0.99743733 -27.86610360 0.00000000 0.00000000 0.00000000 1.00000000
0.99526453 0.09168201 -0.03229425 13.76880574 -0.08939481 0.99378746 0.06629515 129.41570219 0.03817170 -0.06309427 0.99727731 -28.07597399 0.00000000 0.00000000 0.00000000 1.00000000
0.99454940 0.09645583 -0.03959503 14.56725521 -0.09381472 0.99353841 0.06387664 128.87710156 0.04550046 -0.05981388 0.99717201 -28.31583470 0.00000000 0.00000000 0.00000000 1.00000000
0.99429400 0.09836895 -0.04126728 15.26746810 -0.09571111 0.99347157 0.06207749 128.21913324 0.04710436 -0.05777354 0.99721783 -28.56661896 0.00000000 0.00000000 0.00000000 1.00000000
0.99464114 0.09662347 -0.03678183 15.84383615 -0.09426766 0.99366729 0.06114667 127.47929390 0.04245711 -0.05735166 0.99745084 -28.80294900 0.00000000 0.00000000 0.00000000 1.00000000
0.99553053 0.09089959 -0.02561685 16.27407481 -0.08920687 0.99415041 0.06088585 126.70339122 0.03100150 -0.05832853 0.99781596 -28.99400950 0.00000000 0.00000000 0.00000000 1.00000000
0.99665601 0.08138174 -0.00733607 16.54271364 -0.08079032 0.99488261 0.06067557 125.93525458 0.01223641 -0.05987999 0.99813058 -29.10746392 0.00000000 0.00000000 0.00000000 1.00000000
0.99747031 0.06867876 0.01833602 16.64495111 -0.06965999 0.99578285 0.05969923 125.21219682 -0.01415863 -0.06082550 0.99804799 -29.11628553 0.00000000 0.00000000 0.00000000 1.00000000
0.99722901 0.05370429 0.05147958 16.58797479 -0.05663083 0.99675619 0.05718430 124.55898327 -0.04824155 -0.05994117 0.99703551 -29.00144308 0.00000000 0.00000000 0.00000000 1.00000000
0.99505390 0.03755709 0.09196309 16.39290776 -0.04252301 0.99770735 0.05264830 123.98677116 -0.08977493 -0.05629844 0.99436962 -28.75437419 0.00000000 0.00000000 0.00000000 1.00000000
0.99000137 0.02140441 0.13942433 16.09808465 -0.02806860 0.99854665 0.04600814 123.49497883 -0.13823692 -0.04946156 0.98916334 -28.37625035 0.00000000 0.00000000 0.00000000 1.00000000
0.98112738 0.00639364 0.19325680 15.74742427 -0.01391617 0.99919624 0.03759265 123.08571417 -0.19286112 -0.03957257 0.98042776 -27.87374692 0.00000000 0.00000000 0.00000000 1.00000000
0.96756566 -0.00651883 0.25253553 15.38340293 -0.00059564 0.99960535 0.02808547 122.76256858 -0.25261895 -0.02732496 0.96717993 -27.26077868 0.00000000 0.00000000 0.00000000 1.00000000
0.94863120 -0.01671533 0.31594217 15.03849306 0.01148622 0.99976462 0.01840596 122.53334621 -0.31617546 -0.01383148 0.94859990 -26.55537260 0.00000000 0.00000000 0.00000000 1.00000000
0.92395125 -0.02408901 0.38175099 14.72646460 0.02211324 0.99970974 0.00956241 122.41082753 -0.38187053 -0.00039345 0.92421575 -25.77345966 0.00000000 0.00000000 0.00000000 1.00000000
0.89357240 -0.02901001 0.44798079 14.46017192 0.03123432 0.99950915 0.00242343 122.42320094 -0.44783120 0.01182686 0.89403990 -24.93518964 0.00000000 0.00000000 0.00000000 1.00000000
0.85794298 -0.03214744 0.51273812 14.23194346 0.03895868 0.99923760 -0.00253814 122.58986313 -0.51226562 0.02215318 0.85854131 -24.05709363 0.00000000 0.00000000 0.00000000 1.00000000
0.81774014 -0.03414791 0.57457374 14.02967434 0.04551223 0.99894916 -0.00540426 122.91732774 -0.57378541 0.03056941 0.81843498 -23.14914981 0.00000000 0.00000000 0.00000000 1.00000000
0.77362757 -0.03540926 0.63265043 13.83947565 0.05123649 0.99866368 -0.00675889 123.39334708 -0.63156568 0.03764365 0.77440800 -22.21203798 0.00000000 0.00000000 0.00000000 1.00000000
0.72610521 -0.03599987 0.68664054 13.64692063 0.05651604 0.99837411 -0.00742055 123.99272939 -0.68525700 0.04419430 0.72695922 -21.23676353 0.00000000 0.00000000 0.00000000 1.00000000
0.67552689 -0.03575959 0.73646770 13.45756398 0.06168565 0.99806260 -0.00811984 124.67989966 -0.73475051 0.05091466 0.67642397 -20.22132465 0.00000000 0.00000000 0.00000000 1.00000000
0.62223384 -0.03452596 0.78206970 13.27693214 0.06693521 0.99771482 -0.00920927 125.41786200 -0.77996457 0.05807832 0.62312292 -19.16555054 0.00000000 0.00000000 0.00000000 1.00000000
0.56672076 -0.03229875 0.82327661 13.10935673 0.07222078 0.99733247 -0.01058748 126.17002798 -0.82073854 0.06545782 0.56754165 -18.07640321 0.00000000 0.00000000 0.00000000 1.00000000
0.50971809 -0.02938566 0.85983949 12.95008608 0.07736635 0.99693299 -0.01179231 126.90551431 -0.85685583 0.07253340 0.51042824 -16.96403178 0.00000000 0.00000000 0.00000000 1.00000000
0.45215923 -0.02630442 0.89154927 12.78702639 0.08209134 0.99654975 -0.01223117 127.59527711 -0.88815147 0.07871891 0.45275854 -15.83960444 0.00000000 0.00000000 0.00000000 1.00000000
0.39501469 -0.02364306 0.91837052 12.59951949 0.08616385 0.99621559 -0.01141413 128.20751379 -0.91462516 0.08363909 0.39555697 -14.70933728 0.00000000 0.00000000 0.00000000 1.00000000
0.33906171 -0.02186117 0.94051010 12.36769060 0.08944770 0.99594998 -0.00909683 128.71581295 -0.93650214 0.08721085 0.33964394 -13.57252418 0.00000000 0.00000000 0.00000000 1.00000000
0.28472339 -0.02115327 0.95837630 12.07892418 0.09190159 0.99575386 -0.00532472 129.11859166 -0.95419426 0.08959238 0.28545843 -12.42148712 0.00000000 0.00000000 0.00000000 1.00000000
0.23202988 -0.02142078 0.97247277 11.72374228 0.09359129 0.99561062 -0.00040024 129.39825944 -0.96819564 0.09110785 0.23301621 -11.24362944 0.00000000 0.00000000 0.00000000 1.00000000
0.18078241 -0.02228358 0.98327065 11.29917834 0.09469868 0.99549266 0.00514944 129.54290156 -0.97895346 0.09218350 0.18207779 -10.02071692 0.00000000 0.00000000 0.00000000 1.00000000
0.13081960 -0.02309823 0.99113708 10.81628269 0.09545640 0.99537720 0.01059781 129.55344803 -0.98680003 0.09322398 0.13241972 -8.74126881 0.00000000 0.00000000 0.00000000 1.00000000
0.08231963 -0.02304655 0.99633947 10.28894483 0.09613456 0.99525413 0.01507861 129.42980080 -0.99195848 0.09454139 0.08414453 -7.39947104 0.00000000 0.00000000 0.00000000 1.00000000
0.03599280 -0.02130330 0.99912496 9.72914579 0.09696705 0.99512975 0.01772494 129.18018702 -0.99463657 0.09624423 0.03788322 -5.99904435 0.00000000 0.00000000 0.00000000 1.00000000
-0.00687360 -0.01728623 0.99982695 9.13979011 0.09801910 0.99502395 0.01787705 128.81993991 -0.99516080 0.09812502 -0.00514502 -4.55092789 0.00000000 0.00000000 0.00000000 1.00000000
-0.04459272 -0.01087112 0.99894610 8.51111129 0.09908379 0.99496222 0.01525084 128.37025390 -0.99407942 0.09965945 -0.04329092 -3.07234263 0.00000000 0.00000000 0.00000000 1.00000000
-0.07540169 -0.00247258 0.99715017 7.82393349 0.09952359 0.99498502 0.00999290 127.85110709 -0.99217420 0.09999344 -0.07477748 -1.58347565 0.00000000 0.00000000 0.00000000 1.00000000
-0.09774508 0.00705777 0.99518646 7.06041731 0.09836131 0.99514736 0.00260334 127.28126323 -0.99033881 0.09814230 -0.09796497 -0.10855654 0.00000000 0.00000000 0.00000000 1.00000000
-0.11044370 0.01664756 0.99374295 6.21543912 0.09448713 0.99550693 -0.00617590 126.68747771 -0.98938080 0.09321383 -0.11152045 1.31598523 0.00000000 0.00000000 0.00000000 1.00000000
-0.11264396 0.02528488 0.99331365 5.28958129 0.08705598 0.99608309 -0.01548304 126.08247466 -0.98981442 0.08472982 -0.11440395 2.65566624 0.00000000 0.00000000 0.00000000 1.00000000
-0.10377274 0.03225808 0.99407778 4.29700300 0.07579581 0.99682392 -0.02443480 125.47577453 -0.99170873 0.07281127 -0.10588818 3.88033317 0.00000000 0.00000000 0.00000000 1.00000000
-0.08350669 0.03730678 0.99580863 3.26405719 0.06108767 0.99761121 -0.03225161 124.87721863 -0.99463306 0.05813841 -0.08558620 4.96525218 0.00000000 0.00000000 0.00000000 1.00000000
-0.05181907 0.04065664 0.99782855 2.22679745 0.04385299 0.99829979 -0.03839847 124.30024753 -0.99769319 0.04176799 -0.05351389 5.89187248 0.00000000 0.00000000 0.00000000 1.00000000
-0.00903401 0.04293808 0.99903689 1.22408063 0.02527992 0.99876815 -0.04269793 123.76049152 -0.99963959 0.02486984 -0.01010835 6.64854167 0.00000000 0.00000000 0.00000000 1.00000000
0.04417481 0.04502247 0.99800880 0.29680608 0.00651537 0.99894976 -0.04535331 123.28931582 -0.99900257 0.00850587 0.04383508 7.23026349 0.00000000 0.00000000 0.00000000 1.00000000
0.10674789 0.04781178 0.99313590 -0.52155130 -0.01155629 0.99883537 -0.04684403 122.91298746 -0.99421896 -0.00647646 0.10717610 7.64442925 0.00000000 0.00000000 0.00000000 1.00000000
0.17720038 0.05203298 0.98279835 -1.20717342 -0.02842807 0.99845535 -0.04773628 122.65431818 -0.98376413 -0.01948017 0.17840586 7.91170924 0.00000000 0.00000000 0.00000000 1.00000000
0.25355475 0.05807038 0.96557642 -1.74474880 -0.04391912 0.99785816 -0.04847892 122.53196916 -0.96632350 -0.03011521 0.25556208 8.06415256 0.00000000 0.00000000 0.00000000 1.00000000
0.33335004 0.06587814 0.94049871 -2.12076538 -0.05806353 0.99709670 -0.04926258 122.55303787 -0.94101349 -0.03818699 0.33620734 8.13349538 0.00000000 0.00000000 0.00000000 1.00000000
0.41384014 0.07497995 0.90725650 -2.32575465 -0.07092688 0.99622857 -0.04998011 122.71688754 -0.90758235 -0.04366509 0.41759746 8.14769023 0.00000000 0.00000000 0.00000000 1.00000000
0.49235403 0.08456309 0.86627744 -2.35722332 -0.08246307 0.99532436 -0.05029183 123.01717271 -0.86647986 -0.04667451 0.49702529 8.12713524 0.00000000 0.00000000 0.00000000 1.00000000
0.56666170 0.09366474 0.81860945 -2.22265894 -0.09247540 0.99447019 -0.04977285 123.45175025 -0.81874466 -0.04749687 0.57218986 8.08933277 0.00000000 0.00000000 0.00000000 1.00000000
0.63515146 0.10140014 0.76570270 -1.94182383 -0.10070727 0.99375446 -0.04806366 124.02410178 -0.76579414 -0.04658413 0.64139633 8.04759885 0.00000000 0.00000000 0.00000000 1.00000000
0.69681555 0.10713824 0.70920342 -1.54168077 -0.10694849 0.99324715 -0.04496789 124.72981744 -0.70923206 -0.04451391 0.70356833 8.00324087 0.00000000 0.00000000 0.00000000 1.00000000
0.75115531 0.11057382 0.65079884 -1.05188370 -0.11113152 0.99298242 -0.04044387 125.55374876 -0.65070384 -0.04194464 0.75817225 7.95273243 0.00000000 0.00000000 0.00000000 1.00000000
0.79810006 0.11167561 0.59208517 -0.50225089 -0.11331822 0.99295823 -0.03453885 126.46619298 -0.59177299 -0.03952858 0.80513491 7.88984926 0.00000000 0.00000000 0.00000000 1.00000000
0.83794785 0.11061639 0.53442250 0.07909414 -0.11367598 0.99314203 -0.02732528 127.42488886 -0.53378007 -0.03785384 0.84477566 7.80985482 0.00000000 0.00000000 0.00000000 1.00000000
0.87129220 0.10768591 0.47880439 0.66871015 -0.11240495 0.99348283 -0.01889403 128.38094048 -0.47771856 -0.03735777 0.87771828 7.71096604 0.00000000 0.00000000 0.00000000 1.00000000
0.89891876 0.10325541 0.42577387 1.25138027 -0.10972414 0.99391781 -0.00938128 129.28107898 -0.42415290 -0.03828466 0.90478097 7.59351302 0.00000000 0.00000000 0.00000000 1.00000000
0.92167627 0.09775036 0.37544337 1.82186470 -0.10587045 0.99437942 0.00100506 130.07917953 -0.37323492 -0.04067470 0.92684479 7.45800824 0.00000000 0.00000000 0.00000000 1.00000000
0.94036693 0.09163372 0.32758708 2.38263044 -0.10111212 0.99480289 0.01198156 130.73542251 -0.32478666 -0.04439009 0.94474502 7.30378104 0.00000000 0.00000000 0.00000000 1.00000000
0.95567067 0.08535792 0.28179353 2.94290057 -0.09572350 0.99513759 0.02319877 131.23393501 -0.27844313 -0.04914464 0.95919457 7.12684758 0.00000000 0.00000000 0.00000000 1.00000000
0.96812389 0.07927795 0.23759451 3.51130366 -0.08991279 0.99536070 0.03424557 131.56962189 -0.23377732 -0.05451674 0.97076057 6.92179141 0.00000000 0.00000000 0.00000000 1.00000000
0.97812155 0.07362729 0.19456938 4.09565310 -0.08381238 0.99548151 0.04463232 131.74635636 -0.19040407 -0.05996316 0.97987280 6.68305199 0.00000000 0.00000000 0.00000000 1.00000000
0.98594222 0.06850652 0.15239684 4.70097914 -0.07748684 0.99554162 0.05378363 131.76410352 -0.14803287 -0.06483630 0.98685486 6.40873804 0.00000000 0.00000000 0.00000000 1.00000000
0.99177829 0.06389026 0.11087765 5.32769573 -0.07096523 0.99560706 0.06107799 131.61180697 -0.10648828 -0.06844429 0.99195546 6.10347335 0.00000000 0.00000000 0.00000000 1.00000000
0.99576344 0.05965022 0.06997880 5.97142586 -0.06428512 0.99574901 0.06596465 131.26656231 -0.06574651 -0.07018378 0.99536508 5.77799457 0.00000000 0.00000000 0.00000000 1.00000000
0.99800926 0.05552874 0.02990097 6.62276553 -0.05745940 0.99602018 0.06813378 130.69982339 -0.02599858 -0.06971623 0.99722802 5.44662235 0.00000000 0.00000000 0.00000000 1.00000000
0.99865155 0.05115793 -0.00882935 7.26637394 -0.05044571 0.99643047 0.06768708 129.88245942 0.01226056 -0.06715040 0.99766753 5.12417735 0.00000000 0.00000000 0.00000000 1.00000000
0.99790713 0.04611892 -0.04532549 7.88998252 -0.04311216 0.99693956 0.06521385 128.80845942 0.04819437 -0.06312329 0.99684139 4.82288367 0.00000000 0.00000000 0.00000000 1.00000000
0.99611461 0.04007589 -0.07841948 8.47829124 -0.03527318 0.99747131 0.06169922 127.49532828 0.08069383 -0.05869339 0.99500934 4.55135813 0.00000000 0.00000000 0.00000000 1.00000000
0.99372813 0.03286964 -0.10688311 9.01439900 -0.02674127 0.99794243 0.05827360 125.99400770 0.10857862 -0.05504993 0.99256244 4.31718942 0.00000000 0.00000000 0.00000000 1.00000000
0.99124772 0.02454933 -0.12971231 9.48793210 -0.01741159 0.99828578 0.05587786 124.37157095 0.13086172 -0.05313031 0.98997595 4.12450646 0.00000000 0.00000000 0.00000000 1.00000000
0.98911463 0.01530696 -0.14634873 9.88925519 -0.00731560 0.99846022 0.05498800 122.69838309 0.14696508 -0.05331881 0.98770358 3.97389602 0.00000000 0.00000000 0.00000000 1.00000000
0.98762668 0.00547783 -0.15672755 10.21230994 0.00326399 0.99845527 0.05546553 121.04540931 0.15678928 -0.05529079 0.98608319 3.86347339 0.00000000 0.00000000 0.00000000 1.00000000
0.98690734 -0.00449044 -0.16122571 10.45594909 0.01378596 0.99830271 0.05658305 119.47152000 0.16069798 -0.05806488 0.98529418 3.78744130 0.00000000 0.00000000 0.00000000 1.00000000
0.98692769 -0.01404150 -0.16055084 10.62515283 0.02350676 0.99808548 0.05720839 118.02384223 0.15944018 -0.06023458 0.98536827 3.73756888 0.00000000 0.00000000 0.00000000 1.00000000
0.98755389 -0.02256646 -0.15565367 10.72801784 0.03164146 0.99792515 0.05607332 116.74468066 0.15406533 -0.06030053 0.98621890 3.70475272 0.00000000 0.00000000 0.00000000 1.00000000
0.98860519 -0.02947835 -0.14761709 10.78373273 0.03753391 0.99793704 0.05208530 115.65930806 0.14577717 -0.05703245 0.98767217 3.67630105 0.00000000 0.00000000 0.00000000 1.00000000
0.98989437 -0.03436932 -0.13757865 10.80699179 0.04084897 0.99817148 0.04455410 114.80193199 0.13579579 -0.04972380 0.98948827 3.63950593 0.00000000 0.00000000 0.00000000 1.00000000
0.99126137 -0.03705151 -0.12660203 10.80757392 0.04158342 0.99857855 0.03334221 114.21689004 0.12518669 -0.03831539 0.99139307 3.58140395 0.00000000 0.00000000 0.00000000 1.00000000
0.99258761 -0.03757070 -0.11557804 10.79666169 0.04001220 0.99902087 0.01887647 113.94844433 0.11475567 -0.02336108 0.99311902 3.48778285 0.00000000 0.00000000 0.00000000 1.00000000
0.99379221 -0.03617803 -0.10520544 10.78071840 0.03660106 0.99932777 0.00209242 114.04961309 0.10505902 -0.00593006 0.99444831 3.34452916 0.00000000 0.00000000 0.00000000 1.00000000
0.99482097 -0.03334895 -0.09601606 10.76100285 0.03198526 0.99936491 -0.01570741 114.57557171 0.09647890 0.01255496 0.99525584 3.13786408 0.00000000 0.00000000 0.00000000 1.00000000
0.99564489 -0.02969434 -0.08837133 10.73632949 0.02686439 0.99909284 -0.03304252 115.57264724 0.08927234 0.03052458 0.99553940 2.85344916 0.00000000 0.00000000 0.00000000 1.00000000
0.99626103 -0.02586970 -0.08243009 10.70288744 0.02192135 0.99858505 -0.04844957 117.05655012 0.08356684 0.04646144 0.99541846 2.47954542 0.00000000 0.00000000 0.00000000 1.00000000
0.99669621 -0.02234401 -0.07808586 10.66058596 0.01762226 0.99800394 -0.06064317 118.99971101 0.07928501 0.05906676 0.99510050 2.01114535 0.00000000 0.00000000 0.00000000 1.00000000
0.99700026 -0.01928549 -0.07495695 10.61411791 0.01414176 0.99754695 -0.06855729 121.32398302 0.07609523 0.06729162 0.99482730 1.45214242 0.00000000 0.00000000 0.00000000 1.00000000
0.99723351 -0.01654334 -0.07246821 10.58096251 0.01136294 0.99738856 -0.07132283 123.89193179 0.07345888 0.07030207 0.99481728 0.81134295 0.00000000 0.00000000 0.00000000 1.00000000
0.99745421 -0.01378126 -0.06996555 10.57343134 0.00899212 0.99762368 -0.06830912 126.54750400 0.07074068 0.06750609 0.99520786 0.10373452 0.00000000 0.00000000 0.00000000 1.00000000
0.99770967 -0.01063773 -0.06680012 10.59988290 0.00667259 0.99821771 -0.05930324 129.12887455 0.06731191 0.05872168 0.99600244 -0.65168201 0.00000000 0.00000000 0.00000000 1.00000000
0.99802653 -0.00694467 -0.06240844 10.65858309 0.00415334 0.99898977 -0.04474573 131.49971017 0.06265614 0.04439822 0.99704714 -1.43849412 0.00000000 0.00000000 0.00000000 1.00000000
0.99840231 -0.00281222 -0.05643514 10.73384506 0.00135409 0.99966468 -0.02585902 133.57254946 0.05648894 0.02574129 0.99807133 -2.24232177 0.00000000 0.00000000 0.00000000 1.00000000
0.99880517 0.00141904 -0.04884900 10.80432257 -0.00164457 0.99998817 -0.00457695 135.30668974 0.04884193 0.00465182 0.99879569 -3.05229516 0.00000000 0.00000000 0.00000000 1.00000000
0.99918690 0.00532448 -0.03996481 10.83965062 -0.00465777 0.99984874 0.01675687 136.68874005 0.04004798 -0.01655710 0.99906057 -3.85891532 0.00000000 0.00000000 0.00000000 1.00000000
0.99949642 0.00874893 -0.03050171 10.86098419 -0.00765435 0.99932896 0.03581961 137.73391617 0.03079463 -0.03556811 0.99889269 -4.65847185 0.00000000 0.00000000 0.00000000 1.00000000
0.99970234 0.01172352 -0.02139588 10.88228636 -0.01062506 0.99865483 0.05075071 138.45488152 0.02196207 -0.05050827 0.99848214 -5.44779616 0.00000000 0.00000000 0.00000000 1.00000000
0.99980383 0.01435700 -0.01364464 10.89044619 -0.01350653 0.99807676 0.06050082 138.82356499 0.01448701 -0.06030466 0.99807488 -6.21976447 0.00000000 0.00000000 0.00000000 1.00000000
0.99982601 0.01678153 -0.00814467 10.88901922 -0.01621711 0.99775250 0.06501501 138.83369434 0.00921742 -0.06487161 0.99785105 -6.97217666 0.00000000 0.00000000 0.00000000 1.00000000
0.99980456 0.01902027 -0.00539105 10.88554915 -0.01862847 0.99769666 0.06522540 138.48996225 0.00661923 -0.06511222 0.99785599 -7.70570983 0.00000000 0.00000000 0.00000000 1.00000000
0.99976507 0.02101885 -0.00529288 10.88367052 -0.02064480 0.99780749 0.06288081 137.82131797 0.00660296 -0.06275677 0.99800701 -8.42571457 0.00000000 0.00000000 0.00000000 1.00000000
0.99971427 0.02279838 -0.00718429 10.89385220 -0.02232572 0.99794008 0.06014282 136.88056038 0.00854065 -0.05996525 0.99816393 -9.14136996 0.00000000 0.00000000 0.00000000 1.00000000
0.99964952 0.02448394 -0.01006852 10.92736382 -0.02384801 0.99796989 0.05905401 135.73274927 0.01149396 -0.05879320 0.99820401 -9.86293899 0.00000000 0.00000000 0.00000000 1.00000000
0.99957193 0.02622290 -0.01297356 10.98773542 -0.02538507 0.99781487 0.06100068 134.43699317 0.01454482 -0.06064523 0.99805341 -10.59931184 0.00000000 0.00000000 0.00000000 1.00000000
0.99949108 0.02801907 -0.01524819 11.06771177 -0.02694999 0.99743575 0.06629950 133.02982939 0.01706674 -0.06585482 0.99768325 -11.35755652 0.00000000 0.00000000 0.00000000 1.00000000
0.99942016 0.02968789 -0.01667240 11.15267652 -0.02837540 0.99684739 0.07409533 131.52112447 0.01881957 -0.07357928 0.99711179 -12.14376811 0.00000000 0.00000000 0.00000000 1.00000000
0.99937005 0.03092346 -0.01741384 11.23012261 -0.02938466 0.99615007 0.08259291 129.90304851 0.01990086 -0.08202918 0.99643122 -12.96654794 0.00000000 0.00000000 0.00000000 1.00000000
0.99934426 0.03147425 -0.01790007 11.29685006 -0.02975047 0.99553835 0.08954499 128.17317414 0.02063857 -0.08895373 0.99582191 -13.83415547 0.00000000 0.00000000 0.00000000 1.00000000
0.99933464 0.03130313 -0.01871879 11.36139120 -0.02943556 0.99524377 0.09286221 126.36897444 0.02153664 -0.09224942 0.99550300 -14.75424027 0.00000000 0.00000000 0.00000000 1.00000000
0.99932167 0.03059650 -0.02049500 11.43221196 -0.02860886 0.99543015 0.09110623 124.56307705 0.02318888 -0.09045809 0.99563026 -15.72534219 0.00000000 0.00000000 0.00000000 1.00000000
0.99928003 0.02968027 -0.02363257 11.52828074 -0.02760363 0.99609905 0.08381360 122.88001863 0.02602799 -0.08310092 0.99620118 -16.72314919 0.00000000 0.00000000 0.00000000 1.00000000
0.99918820 0.02879866 -0.02817036 11.63484527 -0.02672109 0.99708009 0.07153510 121.41033820 0.03014822 -0.07072429 0.99704020 -17.71839180 0.00000000 0.00000000 0.00000000 1.00000000
0.99904445 0.02805638 -0.03351155 11.73050879 -0.02616301 0.99810693 0.05566010 120.22311265 0.03500973 -0.05473015 0.99788723 -18.68923538 0.00000000 0.00000000 0.00000000 1.00000000
0.99888242 0.02749499 -0.03844388 11.80079787 -0.02603204 0.99893669 0.03805028 119.36822660 0.03944920 -0.03700698 0.99853605 -19.61049982 0.00000000 0.00000000 0.00000000 1.00000000
0.99877158 0.02722107 -0.04140471 11.85277700 -0.02638351 0.99943874 0.02064238 118.88827796 0.04194338 -0.01952462 0.99892920 -20.46104018 0.00000000 0.00000000 0.00000000 1.00000000
0.99878648 0.02739849 -0.04092545 11.90557838 -0.02721290 0.99961673 0.00508496 118.82306839 0.04104909 -0.00396509 0.99914926 -21.22292955 0.00000000 0.00000000 0.00000000 1.00000000
0.99895560 0.02822405 -0.03593209 11.97884589 -0.02851144 0.99956525 -0.00751112 119.21895859 0.03570448 0.00852775 0.99932601 -21.88146027 0.00000000 0.00000000 0.00000000 1.00000000
0.99922130 0.02980758 -0.02585166 12.08195602 -0.03024439 0.99940346 -0.01667358 120.09620015 0.02533924 0.01744247 0.99952673 -22.43085079 0.00000000 0.00000000 0.00000000 1.00000000
0.99942722 0.03217011 -0.01050323 12.21268995 -0.03240019 0.99922114 -0.02252415 121.44707015 0.00977045 0.02285155 0.99969112 -22.87447406 0.00000000 0.00000000 0.00000000 1.00000000
0.99932775 0.03527576 0.00998392 12.35632718 -0.03501009 0.99905804 -0.02563843 123.21807436 -0.01087893 0.02527165 0.99962142 -23.22887929 0.00000000 0.00000000 0.00000000 1.00000000
0.99861757 0.03906996 0.03516382 12.48931009 -0.03813685 0.99891236 -0.02682692 125.30125403 -0.03617370 0.02544880 0.99902143 -23.52104045 0.00000000 0.00000000 0.00000000 1.00000000
0.99698819 0.04346691 0.06422760 12.58932011 -0.04180782 0.99876202 -0.02695413 127.55686154 -0.06531970 0.02418773 0.99757120 -23.78167312 0.00000000 0.00000000 0.00000000 1.00000000
0.99420221 0.04831932 0.09605834 12.64684294 -0.04594137 0.99858414 -0.02681598 129.82286084 -0.09721807 0.02224746 0.99501442 -24.03794463 0.00000000 0.00000000 0.00000000 1.00000000
0.99015197 0.05339096 0.12941592 12.67637734 -0.05028996 0.99836653 -0.02711447 131.96968292 -0.13065219 0.02033913 0.99121962 -24.30658201 0.00000000 0.00000000 0.00000000 1.00000000
0.98488306 0.05829434 0.16311692 12.70247298 -0.05435895 0.99811493 -0.02849029 133.91358756 -0.16447026 0.01919274 0.98619530 -24.58216944 0.00000000 0.00000000 0.00000000 1.00000000
